0.036	 0.044	 0.044	 0.037	 0.037	 -0.033	 -0.021	 -0.032	 -0.006	 0.004	 -0.007	 -0.006	 0.000	 0.000	 -0.030	 -0.019	 0.026	 0.008	 0.036	 -0.044	 -0.044	 -0.044	 -0.006	 -0.007	 0.004	 -0.006	 -0.021	 -0.032	 -0.006	 -0.007	 0.004	 -0.006	 -0.021	 -0.032	 0.000	 0.014	 -0.016	 -0.031	 -0.041	 0.000	 0.000	 0.000	 0.033	 0.030	 0.032	 -0.025	 -0.025	 0.000	 -0.044	 -0.036	 -0.001	 0.044	 0.044	 0.044	 0.044	 0.033	 
0.124	 0.124	 0.124	 0.124	 0.124	 0.000	 -0.124	 -0.124	 -0.124	 -0.124	 -0.123	 -0.124	 0.000	 0.000	 0.125	 -0.124	 -0.124	 -0.124	 0.124	 -0.124	 -0.124	 -0.124	 -0.124	 -0.123	 -0.124	 -0.124	 -0.124	 -0.124	 -0.124	 -0.123	 -0.124	 -0.124	 -0.124	 -0.124	 -0.124	 -0.124	 -0.124	 0.124	 -0.124	 0.000	 0.000	 0.000	 0.124	 0.124	 0.124	 0.124	 0.124	 0.000	 -0.124	 -0.124	 -0.124	 0.124	 0.124	 0.124	 0.124	 0.000	 
0.000	 0.248	 0.248	 0.000	 0.000	 0.061	 -0.211	 -0.211	 -0.234	 -0.063	 -0.063	 -0.240	 0.000	 0.000	 -0.000	 -0.049	 -0.044	 -0.240	 0.000	 -0.219	 -0.197	 -0.204	 -0.234	 -0.063	 -0.063	 -0.240	 -0.211	 -0.211	 -0.234	 -0.063	 -0.063	 -0.240	 -0.211	 -0.211	 0.000	 0.026	 0.020	 0.020	 0.020	 0.003	 0.021	 -0.020	 0.003	 0.003	 -0.008	 -0.029	 -0.011	 -0.084	 -0.248	 -0.207	 -0.034	 0.248	 0.248	 0.248	 0.248	 0.003	 
-0.057	 -0.018	 -0.018	 -0.016	 -0.016	 0.000	 -0.002	 0.076	 0.037	 -0.065	 0.099	 0.037	 0.000	 0.000	 -0.098	 -0.046	 0.013	 0.039	 -0.057	 0.039	 0.021	 0.039	 0.037	 0.099	 -0.065	 0.037	 -0.002	 0.076	 0.037	 0.099	 -0.065	 0.037	 -0.002	 0.076	 0.000	 0.095	 0.127	 0.133	 0.119	 0.119	 0.025	 0.097	 0.119	 0.119	 0.029	 0.027	 0.102	 0.119	 0.018	 0.029	 0.076	 -0.018	 -0.018	 -0.018	 -0.018	 0.119	 
-0.281	 0.281	 0.281	 -0.270	 -0.270	 0.000	 0.300	 0.026	 -0.178	 -0.141	 -0.188	 -0.178	 0.000	 0.000	 0.281	 -0.176	 -0.245	 -0.267	 -0.281	 -0.145	 -0.281	 -0.145	 -0.178	 -0.188	 -0.141	 -0.178	 0.300	 0.026	 -0.178	 -0.188	 -0.141	 -0.178	 0.300	 0.026	 0.000	 0.532	 -0.279	 -0.315	 -0.464	 0.000	 0.000	 0.000	 0.278	 0.278	 0.279	 0.253	 0.253	 0.000	 -0.281	 0.281	 -0.180	 0.281	 0.281	 0.281	 0.281	 0.281	 
0.000	 -0.316	 -0.316	 0.316	 0.316	 0.000	 0.315	 0.318	 0.321	 0.317	 0.321	 0.321	 0.000	 0.000	 0.000	 0.314	 0.329	 0.320	 0.000	 0.316	 0.316	 0.316	 0.321	 0.321	 0.317	 0.321	 0.315	 0.318	 0.321	 0.321	 0.317	 0.321	 0.315	 0.318	 0.000	 -0.050	 -0.051	 -0.064	 -0.100	 -0.053	 -0.050	 -0.053	 -0.053	 -0.053	 -0.053	 -0.067	 -0.057	 -0.053	 0.316	 0.321	 0.322	 -0.316	 -0.316	 -0.316	 -0.316	 -0.053	 
0.000	 0.000	 0.000	 0.000	 0.000	 0.000	 0.000	 0.000	 0.000	 0.000	 0.000	 0.000	 0.000	 0.000	 0.000	 0.000	 0.000	 0.000	 0.000	 0.000	 0.000	 0.000	 0.000	 0.000	 0.000	 0.000	 0.000	 0.000	 0.000	 0.000	 0.000	 0.000	 0.000	 0.000	 0.000	 0.000	 0.000	 0.000	 0.000	 0.000	 0.000	 0.000	 0.000	 0.000	 0.000	 0.000	 0.000	 0.000	 0.000	 0.000	 0.000	 0.000	 0.000	 0.000	 0.000	 0.000	 
0.304	 0.304	 0.304	 0.302	 0.302	 0.159	 -0.022	 -0.022	 -0.195	 0.158	 0.158	 -0.195	 0.000	 0.000	 0.000	 -0.201	 -0.189	 -0.070	 0.304	 -0.167	 -0.304	 -0.167	 -0.195	 0.158	 0.158	 -0.195	 -0.022	 -0.022	 -0.195	 0.158	 0.158	 -0.195	 -0.022	 -0.022	 0.000	 -0.220	 -0.300	 -0.272	 -0.236	 -0.304	 -0.304	 -0.304	 -0.314	 -0.311	 -0.304	 -0.251	 -0.294	 -0.304	 -0.304	 0.308	 -0.245	 0.304	 0.304	 0.304	 0.304	 -0.304	 
-0.075	 -0.234	 -0.234	 -0.075	 -0.075	 -0.238	 -0.082	 -0.082	 0.119	 -0.123	 -0.123	 0.119	 -0.075	 -0.075	 0.075	 0.178	 0.123	 -0.030	 -0.075	 0.217	 0.223	 0.218	 0.119	 -0.123	 -0.123	 0.119	 -0.082	 -0.082	 0.119	 -0.123	 -0.123	 0.119	 -0.082	 -0.082	 0.075	 -0.262	 -0.271	 -0.279	 -0.327	 -0.368	 -0.251	 -0.250	 -0.236	 -0.237	 -0.269	 -0.299	 -0.359	 -0.276	 0.234	 -0.141	 0.196	 -0.234	 -0.234	 -0.234	 -0.234	 -0.368	 
0.000	 -0.253	 -0.253	 0.000	 0.000	 -0.178	 -0.262	 -0.262	 0.206	 0.043	 0.043	 0.206	 0.000	 0.000	 -0.095	 0.152	 -0.214	 0.134	 0.000	 0.217	 0.255	 0.217	 0.206	 0.043	 0.043	 0.206	 -0.262	 -0.262	 0.206	 0.043	 0.043	 0.206	 -0.262	 -0.262	 0.000	 -0.309	 0.175	 0.147	 -0.024	 0.046	 0.238	 0.238	 0.051	 0.080	 -0.036	 -0.121	 -0.026	 -0.160	 0.253	 0.031	 0.314	 -0.253	 -0.253	 -0.253	 -0.253	 -0.051	 
0.124	 -0.124	 -0.124	 0.124	 0.124	 0.000	 0.124	 -0.095	 -0.124	 -0.124	 0.161	 -0.124	 0.000	 0.000	 0.124	 -0.124	 -0.124	 -0.124	 0.124	 0.124	 0.124	 0.124	 -0.124	 0.161	 -0.124	 -0.124	 0.124	 -0.095	 -0.124	 0.162	 -0.124	 -0.124	 0.124	 -0.094	 0.000	 -0.043	 0.052	 0.046	 -0.019	 0.001	 -0.042	 0.055	 0.124	 -0.029	 -0.023	 -0.007	 -0.001	 -0.008	 0.124	 -0.124	 0.124	 -0.124	 -0.124	 -0.124	 -0.124	 0.001	 
0.036	 0.021	 0.021	 0.036	 0.036	 0.009	 -0.024	 0.012	 -0.029	 -0.017	 -0.014	 -0.029	 0.039	 -0.009	 0.014	 -0.039	 0.033	 -0.038	 0.036	 -0.027	 -0.025	 -0.027	 -0.029	 -0.014	 -0.017	 -0.029	 -0.024	 0.012	 -0.029	 -0.014	 -0.017	 -0.029	 -0.024	 0.012	 -0.039	 -0.066	 -0.060	 -0.062	 -0.062	 -0.062	 -0.060	 -0.059	 0.041	 0.042	 -0.024	 -0.034	 -0.054	 -0.050	 -0.021	 -0.036	 0.043	 0.021	 0.021	 0.021	 0.021	 -0.062	 
0.139	 0.070	 0.070	 0.107	 0.107	 0.000	 -0.104	 -0.130	 -0.132	 -0.113	 -0.117	 -0.132	 0.000	 0.000	 -0.061	 -0.047	 -0.078	 -0.131	 0.139	 0.111	 -0.075	 0.111	 -0.132	 -0.117	 -0.113	 -0.132	 -0.104	 -0.130	 -0.132	 -0.117	 -0.113	 -0.132	 -0.104	 -0.130	 0.000	 0.133	 0.026	 0.019	 0.145	 0.129	 0.044	 0.044	 0.129	 0.129	 0.129	 0.291	 0.187	 0.129	 -0.069	 -0.130	 -0.124	 0.070	 0.070	 0.070	 0.070	 0.129	 
0.000	 0.000	 0.021	 0.000	 0.000	 0.000	 -0.059	 -0.059	 -0.045	 -0.051	 -0.051	 -0.045	 0.000	 0.000	 0.002	 0.015	 -0.008	 -0.000	 0.000	 0.000	 0.008	 -0.008	 -0.045	 -0.051	 -0.051	 -0.045	 -0.059	 -0.059	 -0.046	 -0.054	 -0.054	 -0.046	 -0.059	 -0.059	 0.000	 0.041	 0.041	 0.041	 0.041	 0.041	 0.041	 0.041	 0.041	 0.041	 0.041	 0.041	 0.041	 0.041	 -0.021	 -0.012	 -0.059	 0.011	 0.018	 -0.031	 -0.022	 0.041	 
-0.121	 -0.121	 -0.121	 -0.121	 -0.121	 0.000	 0.121	 0.121	 0.121	 0.121	 0.121	 0.121	 -0.121	 -0.121	 -0.121	 0.121	 0.121	 0.121	 -0.121	 0.122	 0.121	 0.122	 0.121	 0.121	 0.121	 0.121	 0.121	 0.121	 0.121	 0.121	 0.121	 0.121	 0.121	 0.121	 0.121	 0.045	 0.036	 -0.122	 -0.127	 0.000	 0.000	 0.000	 -0.029	 -0.049	 -0.012	 -0.121	 -0.121	 0.000	 0.121	 0.123	 0.121	 -0.121	 -0.121	 -0.121	 -0.121	 0.000	 
0.326	 -0.326	 -0.326	 0.326	 0.326	 0.156	 0.139	 0.139	 -0.039	 -0.059	 -0.059	 -0.039	 0.326	 0.326	 -0.323	 -0.328	 -0.293	 -0.314	 0.326	 0.257	 0.328	 0.257	 -0.039	 -0.059	 -0.059	 -0.039	 0.139	 0.139	 -0.039	 -0.058	 -0.058	 -0.039	 0.139	 0.139	 -0.326	 -0.210	 -0.079	 -0.144	 -0.199	 -0.020	 0.037	 0.010	 0.322	 0.325	 0.080	 -0.031	 -0.024	 -0.037	 0.326	 -0.147	 0.286	 -0.326	 -0.326	 -0.326	 -0.326	 0.152	 
0.000	 0.000	 -0.048	 0.000	 0.000	 -0.048	 -0.045	 -0.045	 0.006	 0.024	 0.024	 0.006	 0.000	 0.000	 0.005	 0.008	 -0.006	 -0.005	 0.000	 0.035	 0.043	 0.031	 0.006	 0.024	 0.024	 0.006	 -0.045	 -0.045	 0.006	 0.024	 0.024	 0.006	 -0.045	 -0.045	 0.000	 -0.085	 -0.095	 -0.099	 -0.099	 -0.119	 -0.094	 -0.101	 -0.119	 -0.119	 -0.019	 -0.117	 -0.120	 -0.117	 0.048	 0.007	 -0.003	 -0.047	 -0.048	 0.038	 0.012	 -0.119	 
0.000	 0.000	 -0.048	 0.198	 0.198	 0.000	 -0.199	 -0.199	 0.198	 0.198	 0.198	 0.198	 0.000	 0.000	 -0.180	 -0.198	 0.198	 0.194	 -0.048	 0.203	 -0.026	 0.203	 0.198	 0.198	 0.198	 0.198	 -0.199	 -0.199	 0.198	 0.198	 0.198	 0.198	 -0.199	 -0.199	 0.000	 0.306	 0.328	 0.320	 0.305	 0.365	 0.328	 0.328	 0.365	 0.365	 0.190	 0.311	 0.363	 0.296	 0.048	 0.198	 0.198	 -0.053	 -0.047	 -0.104	 -0.104	 0.365	 
0.000	 0.000	 0.004	 0.008	 0.008	 0.000	 -0.008	 -0.008	 0.008	 0.008	 0.008	 0.008	 0.000	 0.000	 -0.008	 -0.008	 0.008	 0.010	 0.025	 0.008	 0.007	 0.008	 0.008	 0.008	 0.008	 0.008	 -0.008	 -0.008	 0.008	 0.008	 0.008	 0.008	 -0.008	 -0.008	 0.000	 0.137	 0.137	 0.134	 0.134	 0.136	 0.137	 0.137	 0.136	 0.136	 0.135	 0.123	 0.133	 0.136	 -0.004	 0.008	 0.008	 -0.007	 0.006	 0.014	 0.014	 0.136	 
-0.051	 -0.043	 -0.043	 -0.050	 -0.050	 0.020	 0.032	 0.032	 0.027	 0.031	 0.031	 0.027	 -0.066	 -0.066	 0.166	 0.021	 -0.015	 0.006	 -0.051	 0.069	 0.092	 0.069	 0.027	 0.031	 0.031	 0.027	 0.032	 0.032	 0.027	 0.031	 0.031	 0.027	 0.032	 0.032	 0.165	 -0.112	 -0.168	 -0.180	 -0.122	 -0.218	 -0.218	 -0.218	 -0.024	 -0.023	 -0.274	 -0.219	 -0.231	 -0.218	 0.043	 0.029	 0.033	 -0.043	 -0.043	 -0.043	 -0.043	 -0.218	 
-0.048	 0.019	 0.019	 -0.085	 -0.085	 0.000	 -0.008	 0.021	 0.041	 0.030	 0.069	 0.055	 0.000	 0.000	 -0.064	 -0.010	 0.009	 0.012	 -0.048	 -0.013	 -0.019	 -0.013	 0.041	 0.069	 0.030	 0.055	 -0.008	 0.021	 0.041	 0.069	 0.030	 0.055	 -0.008	 0.021	 0.000	 0.041	 0.085	 0.086	 0.054	 0.090	 0.067	 0.082	 0.010	 0.023	 0.065	 0.073	 0.088	 0.064	 -0.019	 0.009	 -0.011	 0.019	 0.019	 0.019	 0.019	 0.090	 
0.365	 0.365	 0.365	 0.364	 0.364	 0.275	 -0.364	 -0.348	 -0.370	 -0.365	 -0.350	 -0.367	 0.000	 0.000	 -0.335	 -0.375	 -0.371	 -0.404	 0.365	 -0.384	 -0.381	 -0.384	 -0.370	 -0.350	 -0.365	 -0.367	 -0.364	 -0.348	 -0.370	 -0.350	 -0.365	 -0.367	 -0.364	 -0.348	 0.000	 0.021	 -0.030	 0.017	 -0.034	 -0.077	 -0.077	 -0.077	 -0.278	 -0.277	 -0.070	 -0.070	 -0.083	 -0.077	 -0.365	 -0.320	 -0.370	 0.365	 0.365	 0.365	 0.365	 -0.077	 
-0.165	 -0.165	 -0.165	 -0.165	 -0.165	 0.000	 -0.165	 -0.165	 -0.165	 -0.165	 -0.165	 -0.165	 0.000	 0.000	 -0.165	 -0.165	 -0.165	 -0.165	 -0.165	 0.165	 0.165	 0.165	 -0.165	 -0.165	 -0.165	 -0.165	 -0.165	 -0.165	 -0.165	 -0.165	 -0.165	 -0.165	 -0.165	 -0.165	 0.000	 0.165	 0.166	 0.165	 0.165	 0.000	 0.000	 0.000	 -0.165	 -0.165	 -0.166	 -0.166	 -0.166	 0.000	 0.165	 -0.165	 -0.165	 -0.165	 -0.165	 -0.165	 -0.165	 0.000	 
0.000	 0.000	 -0.053	 0.012	 -0.014	 0.030	 0.027	 0.027	 -0.025	 -0.045	 -0.044	 -0.018	 0.000	 0.000	 -0.020	 0.000	 -0.034	 -0.029	 -0.051	 0.000	 0.000	 0.000	 -0.025	 -0.044	 -0.045	 -0.018	 0.027	 0.027	 -0.024	 -0.046	 -0.049	 -0.019	 0.027	 0.027	 0.000	 -0.030	 -0.027	 -0.000	 0.000	 0.000	 -0.028	 -0.026	 0.035	 0.039	 0.004	 0.030	 0.030	 0.000	 0.053	 -0.100	 -0.025	 -0.048	 -0.052	 -0.034	 -0.032	 0.000	 
0.235	 0.219	 0.219	 0.252	 0.252	 0.157	 -0.240	 -0.257	 -0.276	 0.017	 0.000	 -0.276	 0.157	 0.157	 -0.081	 -0.180	 -0.280	 -0.287	 0.235	 -0.188	 -0.229	 -0.188	 -0.276	 0.000	 0.017	 -0.276	 -0.240	 -0.257	 -0.276	 0.000	 0.017	 -0.276	 -0.240	 -0.257	 0.000	 -0.101	 -0.065	 -0.039	 -0.030	 0.041	 -0.117	 0.013	 0.041	 0.041	 0.135	 0.125	 0.066	 0.071	 -0.219	 -0.100	 -0.173	 0.219	 0.219	 0.219	 0.219	 0.041	 
0.000	 -0.164	 -0.164	 0.000	 0.000	 0.000	 0.160	 0.160	 0.158	 0.182	 0.182	 0.151	 0.000	 0.000	 0.000	 -0.151	 -0.052	 0.148	 0.000	 0.147	 0.137	 0.147	 0.158	 0.182	 0.182	 0.151	 0.160	 0.160	 0.158	 0.182	 0.182	 0.151	 0.160	 0.160	 0.000	 -0.081	 -0.073	 -0.083	 -0.083	 0.050	 -0.059	 0.025	 0.050	 0.050	 0.130	 -0.109	 -0.011	 -0.100	 0.164	 0.164	 0.089	 -0.164	 -0.164	 -0.164	 -0.164	 0.050	 
-0.083	 -0.009	 -0.009	 -0.077	 -0.077	 0.000	 0.084	 0.075	 0.098	 0.091	 0.079	 0.091	 0.018	 0.018	 0.102	 0.105	 0.091	 0.094	 -0.083	 0.004	 0.037	 0.004	 0.098	 0.079	 0.091	 0.091	 0.084	 0.075	 0.098	 0.079	 0.091	 0.091	 0.084	 0.075	 0.114	 -0.046	 -0.034	 -0.047	 -0.041	 0.019	 -0.045	 -0.026	 0.052	 0.039	 0.060	 0.057	 0.046	 0.066	 0.009	 0.054	 0.098	 -0.009	 -0.009	 -0.009	 -0.009	 0.019	 
0.245	 0.199	 0.199	 0.245	 0.245	 0.330	 -0.117	 -0.116	 -0.012	 -0.044	 -0.042	 -0.012	 0.207	 0.207	 -0.186	 -0.021	 0.113	 0.165	 0.245	 0.031	 -0.163	 0.031	 -0.012	 -0.042	 -0.044	 -0.012	 -0.117	 -0.116	 -0.012	 -0.042	 -0.044	 -0.012	 -0.117	 -0.116	 -0.280	 0.016	 -0.023	 0.079	 -0.063	 -0.064	 0.027	 0.027	 -0.064	 0.197	 -0.100	 0.037	 -0.034	 0.081	 -0.199	 0.226	 -0.330	 0.199	 0.199	 0.199	 0.199	 -0.064	 
0.187	 0.187	 0.187	 0.187	 0.187	 0.000	 -0.187	 -0.187	 -0.187	 -0.187	 -0.187	 -0.187	 0.000	 0.000	 0.187	 -0.187	 -0.187	 -0.187	 0.187	 -0.187	 -0.187	 -0.187	 -0.187	 -0.187	 -0.187	 -0.187	 -0.187	 -0.187	 -0.187	 -0.187	 -0.187	 -0.187	 -0.187	 -0.187	 0.000	 -0.086	 -0.151	 -0.146	 -0.062	 -0.084	 -0.141	 -0.141	 -0.084	 -0.084	 -0.084	 0.132	 -0.028	 -0.084	 -0.187	 -0.187	 -0.187	 0.187	 0.187	 0.187	 0.187	 -0.084	 
-0.440	 -0.440	 -0.440	 -0.440	 -0.440	 0.000	 0.440	 0.440	 0.440	 0.440	 0.440	 0.440	 0.000	 0.000	 0.440	 0.440	 0.440	 0.440	 -0.440	 -0.440	 0.440	 -0.440	 0.440	 0.440	 0.440	 0.440	 0.440	 0.440	 0.440	 0.440	 0.440	 0.440	 0.440	 0.440	 0.000	 -0.114	 -0.252	 -0.254	 -0.061	 -0.095	 -0.229	 -0.229	 -0.095	 -0.095	 -0.095	 0.323	 0.002	 -0.095	 0.440	 0.440	 -0.440	 -0.440	 -0.440	 -0.440	 -0.440	 -0.095	 
-0.180	 -0.266	 -0.266	 -0.207	 -0.207	 0.312	 -0.248	 -0.249	 -0.099	 -0.200	 -0.229	 0.010	 -0.129	 -0.129	 0.265	 -0.029	 -0.076	 0.105	 -0.180	 0.115	 0.226	 0.115	 -0.099	 -0.229	 -0.200	 0.010	 -0.248	 -0.249	 -0.099	 -0.229	 -0.200	 0.010	 -0.248	 -0.249	 0.000	 -0.090	 -0.003	 0.024	 0.128	 0.014	 0.014	 0.014	 0.325	 0.072	 0.033	 0.035	 0.021	 0.014	 0.266	 0.009	 -0.099	 -0.266	 -0.266	 -0.266	 -0.266	 0.180	 
0.416	 0.000	 0.355	 -0.317	 -0.167	 0.000	 -0.237	 -0.237	 0.247	 0.267	 0.267	 0.247	 0.000	 0.000	 -0.339	 0.247	 0.247	 0.247	 0.438	 -0.247	 0.000	 -0.247	 0.247	 0.267	 0.267	 0.247	 -0.237	 -0.237	 0.247	 0.267	 0.267	 0.247	 -0.237	 -0.237	 0.000	 0.070	 0.067	 0.153	 0.183	 0.070	 0.070	 0.070	 0.070	 0.070	 0.070	 0.074	 0.071	 0.070	 -0.343	 0.247	 -0.397	 0.360	 0.356	 0.247	 0.248	 0.070	 
0.000	 0.000	 -0.064	 -0.239	 -0.243	 0.000	 -0.330	 -0.022	 0.018	 0.238	 0.260	 0.105	 0.000	 0.000	 0.021	 0.000	 0.024	 0.047	 -0.093	 0.000	 0.000	 -0.043	 0.018	 0.260	 0.238	 0.105	 -0.330	 -0.022	 0.018	 0.260	 0.229	 0.092	 -0.332	 -0.015	 0.000	 0.016	 0.680	 -0.000	 0.000	 0.000	 0.017	 0.018	 -0.680	 0.272	 0.087	 -0.680	 -0.680	 0.000	 0.064	 0.366	 0.018	 -0.119	 -0.091	 -0.112	 -0.130	 0.000	 
0.000	 0.000	 0.097	 -0.100	 -0.100	 0.000	 -0.029	 -0.121	 -0.029	 -0.101	 -0.101	 0.112	 0.000	 0.000	 -0.091	 0.131	 0.059	 0.143	 0.100	 0.162	 -0.188	 0.167	 -0.029	 -0.101	 -0.101	 0.112	 -0.029	 -0.121	 -0.029	 -0.101	 -0.101	 0.112	 -0.029	 -0.121	 0.000	 -0.085	 -0.181	 -0.197	 -0.097	 -0.097	 -0.175	 -0.175	 -0.097	 -0.097	 0.093	 0.067	 -0.051	 -0.097	 -0.097	 -0.055	 0.189	 0.055	 0.100	 0.001	 -0.000	 -0.097	 
0.000	 0.000	 0.000	 0.000	 0.000	 0.000	 0.089	 0.089	 0.089	 0.087	 0.087	 0.089	 0.000	 0.000	 -0.000	 -0.069	 -0.061	 -0.062	 0.000	 -0.041	 0.000	 -0.050	 0.089	 0.087	 0.087	 0.089	 0.089	 0.089	 0.089	 0.087	 0.087	 0.089	 0.089	 0.089	 0.000	 -0.152	 -0.152	 -0.152	 -0.152	 -0.153	 -0.153	 -0.153	 -0.153	 -0.153	 -0.153	 -0.153	 -0.153	 -0.153	 0.000	 -0.140	 0.089	 -0.000	 0.000	 0.000	 0.000	 -0.153	 
0.000	 0.000	 -0.000	 -0.416	 -0.416	 0.000	 -0.389	 -0.389	 -0.468	 -0.471	 -0.471	 -0.468	 0.000	 0.000	 0.000	 0.000	 0.000	 -0.469	 -0.000	 -0.348	 0.000	 -0.348	 -0.468	 -0.471	 -0.471	 -0.468	 -0.389	 -0.389	 -0.468	 -0.471	 -0.471	 -0.468	 -0.388	 -0.388	 0.000	 0.132	 0.132	 0.132	 0.132	 0.132	 0.132	 0.132	 0.132	 0.132	 0.132	 0.147	 0.137	 0.132	 0.000	 -0.470	 -0.021	 0.000	 0.000	 -0.000	 -0.000	 0.132	 
0.058	 0.000	 0.028	 0.058	 0.058	 0.000	 0.058	 0.058	 -0.059	 0.058	 0.058	 -0.058	 0.000	 0.000	 -0.058	 -0.058	 0.058	 0.058	 0.058	 0.058	 -0.035	 0.058	 -0.059	 0.058	 0.058	 -0.058	 0.058	 0.058	 -0.059	 0.058	 0.058	 -0.058	 0.058	 0.058	 0.000	 0.058	 0.058	 0.058	 0.058	 0.058	 0.058	 0.058	 0.058	 0.058	 0.058	 0.058	 0.058	 0.058	 0.058	 -0.058	 0.058	 0.032	 0.015	 0.000	 0.000	 0.058	 
0.000	 0.000	 0.003	 -0.281	 -0.281	 0.000	 0.283	 0.283	 0.280	 0.280	 0.280	 0.280	 0.000	 0.000	 0.000	 0.281	 0.281	 0.280	 0.000	 0.281	 0.000	 0.281	 0.280	 0.280	 0.280	 0.280	 0.283	 0.283	 0.280	 0.280	 0.280	 0.280	 0.283	 0.283	 0.000	 -0.281	 -0.278	 -0.281	 -0.281	 0.000	 0.000	 0.000	 0.281	 0.281	 0.281	 -0.000	 0.000	 0.000	 -0.003	 0.281	 0.280	 0.000	 -0.000	 0.003	 0.000	 0.000	 
0.000	 0.000	 0.000	 0.000	 0.000	 0.000	 0.000	 0.000	 0.000	 0.000	 0.000	 0.000	 0.000	 0.000	 0.000	 0.000	 0.000	 0.000	 0.000	 0.000	 0.000	 0.000	 0.000	 0.000	 0.000	 0.000	 0.000	 0.000	 0.000	 0.000	 0.000	 0.000	 0.000	 0.000	 0.000	 0.000	 0.000	 0.000	 0.000	 0.000	 0.000	 0.000	 0.000	 0.000	 0.000	 0.000	 0.000	 0.000	 0.000	 0.000	 0.000	 0.000	 0.000	 0.000	 0.000	 0.000	 
-0.233	 -0.307	 -0.307	 -0.230	 -0.230	 -0.065	 0.122	 0.140	 0.365	 0.221	 0.215	 0.298	 0.066	 0.066	 -0.260	 -0.140	 0.290	 0.267	 -0.233	 0.378	 0.194	 0.373	 0.365	 0.215	 0.221	 0.298	 0.122	 0.140	 0.365	 0.215	 0.221	 0.298	 0.122	 0.140	 -0.066	 -0.303	 0.152	 0.106	 -0.231	 -0.240	 0.080	 0.080	 0.196	 0.346	 -0.307	 -0.393	 -0.325	 -0.341	 0.307	 -0.123	 0.426	 -0.307	 -0.307	 -0.307	 -0.307	 -0.240	 
0.161	 -0.292	 -0.279	 0.094	 0.104	 0.000	 0.154	 0.083	 -0.063	 -0.354	 -0.340	 -0.024	 0.000	 0.000	 -0.113	 -0.109	 -0.082	 -0.058	 0.183	 0.068	 0.278	 0.074	 -0.063	 -0.340	 -0.354	 -0.024	 0.154	 0.083	 -0.063	 -0.340	 -0.354	 -0.024	 0.154	 0.083	 0.000	 -0.465	 -0.228	 -0.102	 -0.464	 -0.264	 0.026	 -0.217	 0.237	 -0.250	 -0.563	 -0.560	 -0.404	 -0.611	 0.282	 -0.183	 -0.211	 -0.279	 -0.279	 -0.292	 -0.292	 -0.368	 
0.073	 0.121	 0.121	 0.074	 0.074	 0.028	 0.029	 0.011	 0.028	 0.052	 0.047	 -0.000	 0.000	 0.000	 -0.040	 -0.026	 0.054	 0.035	 0.073	 -0.054	 -0.124	 -0.054	 0.028	 0.047	 0.052	 -0.000	 0.029	 0.011	 0.028	 0.047	 0.052	 -0.000	 0.029	 0.011	 0.000	 -0.054	 -0.016	 0.007	 -0.039	 0.021	 -0.033	 0.001	 0.021	 0.062	 0.047	 0.043	 0.031	 0.039	 -0.121	 0.039	 -0.046	 0.121	 0.121	 0.121	 0.121	 0.021	 
0.048	 0.007	 0.007	 0.016	 0.016	 0.000	 -0.050	 -0.049	 -0.060	 -0.045	 -0.051	 -0.050	 0.000	 0.000	 0.058	 -0.072	 -0.071	 -0.055	 0.048	 -0.041	 -0.007	 -0.041	 -0.060	 -0.051	 -0.045	 -0.050	 -0.050	 -0.049	 -0.060	 -0.051	 -0.045	 -0.050	 -0.050	 -0.049	 0.000	 -0.042	 -0.036	 -0.008	 -0.035	 -0.019	 -0.019	 -0.019	 0.038	 0.028	 0.006	 0.016	 -0.005	 -0.019	 -0.007	 0.081	 -0.060	 0.007	 0.007	 0.007	 0.007	 0.033	 
0.000	 0.185	 0.185	 0.000	 0.000	 0.000	 -0.180	 -0.180	 -0.184	 -0.192	 -0.192	 -0.184	 0.000	 0.000	 0.064	 -0.262	 0.055	 -0.184	 0.000	 -0.187	 -0.184	 -0.187	 -0.184	 -0.192	 -0.192	 -0.184	 -0.180	 -0.180	 -0.184	 -0.192	 -0.192	 -0.184	 -0.180	 -0.180	 0.000	 0.059	 -0.057	 0.030	 0.030	 0.073	 0.066	 -0.168	 0.073	 0.073	 0.083	 0.183	 0.143	 -0.033	 -0.185	 -0.185	 0.050	 0.185	 0.185	 0.185	 0.185	 0.073	 
-0.291	 -0.174	 -0.174	 -0.299	 -0.299	 0.000	 0.160	 0.269	 0.275	 0.327	 0.350	 0.274	 -0.234	 -0.234	 0.000	 0.271	 0.276	 0.276	 -0.291	 0.371	 0.189	 0.371	 0.275	 0.350	 0.327	 0.274	 0.160	 0.269	 0.275	 0.350	 0.327	 0.274	 0.160	 0.269	 0.000	 0.058	 0.058	 -0.039	 0.290	 0.000	 0.058	 0.058	 0.000	 -0.135	 -0.043	 0.263	 0.263	 0.000	 0.173	 0.190	 0.274	 -0.174	 -0.174	 -0.174	 -0.174	 0.000	 
-0.076	 -0.120	 -0.120	 -0.078	 -0.078	 -0.078	 -0.019	 -0.013	 0.033	 -0.018	 -0.014	 0.058	 0.020	 -0.078	 -0.057	 0.033	 0.030	 0.013	 -0.076	 0.139	 0.128	 0.139	 0.033	 -0.014	 -0.018	 0.058	 -0.019	 -0.013	 0.033	 -0.014	 -0.018	 0.058	 -0.019	 -0.013	 0.000	 -0.050	 -0.048	 0.013	 0.060	 0.000	 0.000	 0.000	 0.003	 -0.027	 -0.026	 -0.025	 -0.025	 0.000	 0.120	 -0.127	 0.033	 -0.120	 -0.120	 -0.120	 -0.120	 -0.078	 
-0.142	 -0.212	 -0.212	 -0.142	 -0.142	 0.000	 0.137	 0.142	 0.142	 0.113	 0.142	 0.142	 0.000	 -0.142	 -0.142	 0.142	 0.142	 0.142	 -0.142	 0.327	 0.242	 0.327	 0.142	 0.142	 0.113	 0.142	 0.137	 0.142	 0.142	 0.142	 0.113	 0.142	 0.137	 0.142	 0.000	 -0.123	 -0.096	 -0.118	 -0.123	 -0.067	 -0.121	 -0.121	 -0.067	 0.066	 -0.056	 -0.053	 -0.063	 0.035	 0.212	 -0.013	 0.142	 -0.212	 -0.212	 -0.212	 -0.212	 -0.067	 
-0.000	 0.000	 -0.145	 -0.006	 -0.014	 0.000	 0.090	 0.090	 0.089	 0.090	 0.089	 0.089	 0.000	 0.000	 -0.147	 0.029	 0.029	 0.074	 -0.142	 0.000	 0.029	 -0.054	 0.089	 0.089	 0.090	 0.089	 0.090	 0.090	 0.086	 0.090	 0.090	 0.086	 0.090	 0.090	 0.000	 0.090	 0.090	 0.090	 0.090	 0.000	 0.090	 0.090	 0.000	 -0.090	 -0.090	 -0.090	 -0.090	 0.000	 0.145	 0.000	 0.089	 -0.147	 -0.147	 0.008	 0.124	 0.000	 
0.000	 -0.063	 -0.063	 0.000	 0.000	 0.063	 0.063	 0.063	 0.063	 0.063	 0.063	 0.063	 0.000	 0.000	 -0.002	 -0.061	 -0.025	 0.062	 0.000	 0.063	 0.063	 0.063	 0.063	 0.063	 0.063	 0.063	 0.063	 0.063	 0.063	 0.063	 0.063	 0.063	 0.063	 0.063	 0.000	 0.070	 0.070	 0.075	 0.075	 0.075	 0.075	 0.075	 0.075	 0.075	 0.064	 0.065	 0.072	 0.075	 0.063	 0.063	 -0.025	 -0.063	 -0.063	 -0.063	 -0.063	 0.075	 
-0.095	 -0.094	 -0.094	 -0.095	 -0.095	 0.000	 0.014	 0.020	 0.038	 0.007	 0.012	 0.038	 -0.045	 -0.046	 -0.092	 0.028	 0.061	 0.047	 -0.095	 0.017	 0.081	 0.017	 0.038	 0.012	 0.007	 0.038	 0.014	 0.020	 0.038	 0.012	 0.007	 0.038	 0.014	 0.020	 0.000	 -0.050	 -0.033	 -0.031	 -0.037	 -0.021	 -0.031	 -0.031	 -0.021	 0.042	 -0.032	 -0.050	 -0.029	 -0.021	 0.094	 0.043	 0.025	 -0.094	 -0.094	 -0.094	 -0.094	 -0.021	 
0.000	 0.000	 0.062	 0.139	 0.139	 0.000	 0.157	 0.157	 0.157	 0.157	 0.157	 0.157	 0.000	 0.000	 0.157	 0.157	 0.157	 0.157	 0.061	 0.157	 -0.157	 0.157	 0.157	 0.157	 0.157	 0.157	 0.157	 0.157	 0.157	 0.157	 0.157	 0.157	 0.157	 0.157	 0.000	 0.157	 0.157	 -0.157	 -0.157	 0.000	 -0.157	 -0.157	 -0.157	 0.157	 0.157	 -0.157	 -0.157	 -0.157	 -0.062	 -0.144	 0.157	 0.066	 0.065	 0.011	 0.008	 -0.157	 
-0.234	 -0.234	 -0.234	 -0.234	 -0.234	 -0.242	 0.221	 0.221	 0.229	 0.221	 0.221	 0.229	 0.000	 0.000	 0.000	 0.230	 0.230	 0.212	 -0.234	 0.228	 0.234	 0.228	 0.229	 0.221	 0.221	 0.229	 0.221	 0.221	 0.229	 0.221	 0.221	 0.229	 0.221	 0.221	 0.000	 -0.166	 0.125	 0.070	 -0.138	 -0.084	 -0.084	 -0.084	 -0.084	 0.203	 -0.199	 -0.192	 -0.126	 -0.084	 0.234	 -0.242	 0.235	 -0.234	 -0.234	 -0.234	 -0.234	 -0.084	 
0.000	 -0.197	 -0.197	 0.000	 0.000	 0.000	 0.177	 0.177	 0.182	 0.196	 0.196	 0.182	 0.000	 0.000	 -0.017	 0.247	 -0.250	 0.102	 0.000	 0.198	 0.150	 0.198	 0.182	 0.196	 0.196	 0.182	 0.177	 0.177	 0.182	 0.196	 0.196	 0.182	 0.177	 0.177	 0.000	 0.007	 0.008	 0.008	 0.008	 0.000	 0.008	 0.019	 0.000	 0.000	 -0.008	 -0.123	 -0.041	 -0.071	 0.197	 0.201	 -0.031	 -0.197	 -0.197	 -0.197	 -0.197	 0.000	 
-0.027	 0.475	 0.475	 0.260	 0.260	 0.000	 0.080	 -0.310	 0.030	 0.332	 0.258	 0.032	 0.000	 0.000	 -0.362	 -0.646	 -0.249	 0.024	 -0.027	 -0.665	 -0.473	 -0.665	 0.030	 0.258	 0.332	 0.032	 0.080	 -0.310	 0.030	 0.258	 0.332	 0.032	 0.080	 -0.310	 0.000	 -0.047	 -0.463	 -0.494	 -0.035	 -0.198	 -0.433	 -0.433	 -0.271	 -0.054	 0.263	 0.272	 -0.045	 -0.198	 -0.478	 -0.049	 0.135	 0.475	 0.475	 0.475	 0.475	 -0.198	 
-0.193	 -0.218	 -0.218	 -0.176	 -0.176	 0.000	 -0.036	 -0.046	 -0.018	 -0.254	 -0.291	 0.013	 0.000	 0.000	 0.070	 -0.005	 -0.080	 -0.077	 -0.193	 0.143	 0.242	 0.142	 -0.018	 -0.291	 -0.254	 0.013	 -0.036	 -0.046	 -0.018	 -0.291	 -0.254	 0.013	 -0.036	 -0.046	 0.000	 -0.027	 0.028	 0.030	 0.027	 0.051	 0.047	 0.047	 0.285	 0.012	 0.029	 0.034	 0.049	 -0.006	 0.218	 0.055	 -0.083	 -0.218	 -0.218	 -0.218	 -0.218	 0.123	 
0.105	 0.196	 0.196	 0.118	 0.118	 0.000	 -0.024	 -0.019	 -0.007	 0.051	 0.040	 -0.031	 0.000	 0.000	 -0.048	 -0.136	 0.078	 0.052	 0.105	 -0.035	 -0.236	 -0.035	 -0.007	 0.040	 0.051	 -0.031	 -0.024	 -0.019	 -0.007	 0.040	 0.051	 -0.031	 -0.024	 -0.019	 0.000	 -0.313	 -0.333	 -0.126	 0.068	 0.000	 -0.098	 -0.098	 0.127	 0.220	 0.345	 0.152	 0.152	 0.349	 -0.196	 -0.027	 0.076	 0.196	 0.196	 0.196	 0.196	 0.313	 
0.127	 -0.127	 -0.127	 -0.123	 -0.123	 -0.127	 -0.126	 -0.127	 -0.127	 -0.126	 -0.127	 -0.127	 0.000	 0.000	 -0.114	 -0.126	 -0.067	 -0.050	 0.127	 -0.127	 0.126	 -0.127	 -0.127	 -0.127	 -0.126	 -0.127	 -0.126	 -0.127	 -0.127	 -0.127	 -0.126	 -0.127	 -0.126	 -0.127	 0.000	 -0.149	 -0.235	 -0.169	 -0.163	 -0.284	 -0.174	 -0.247	 -0.284	 -0.085	 -0.085	 -0.152	 -0.254	 -0.191	 0.127	 -0.127	 0.127	 -0.127	 -0.127	 -0.127	 -0.127	 -0.284	 
-0.186	 -0.192	 -0.192	 -0.190	 -0.190	 0.000	 0.202	 0.044	 0.140	 0.193	 0.175	 0.140	 0.000	 0.000	 0.193	 0.185	 -0.157	 -0.125	 -0.186	 0.190	 0.193	 0.190	 0.140	 0.175	 0.193	 0.140	 0.202	 0.044	 0.140	 0.175	 0.193	 0.140	 0.202	 0.044	 0.000	 -0.102	 -0.205	 0.004	 0.193	 0.000	 -0.140	 -0.140	 0.108	 0.152	 0.064	 0.089	 0.089	 0.000	 0.192	 -0.140	 -0.140	 -0.192	 -0.192	 -0.192	 -0.192	 0.000	 
